,Korea,English,Vietnam,Thailand
0,메뉴1,Menu1,v1,t1
1,메뉴2,Menu2,v2,t2
2,메뉴3,Menu3,v3,t3
3,메뉴4,Menu4,v4,t4
4,메뉴5,Menu5,v5,t5
